229.845 155.757 686.103 82.285 90.0 -180.0 1.0
229.845 155.757 686.103 82.285 90.0 -180.0 1.0
229.845 155.757 686.103 82.285 90.0 -180.0 1.0
229.845 155.757 686.103 82.285 90.0 -180.0 1.0
229.845 155.757 686.103 82.285 90.0 -180.0 1.0
229.845 155.757 686.103 82.285 90.0 -180.0 1.0
229.845 155.757 686.103 82.285 90.0 -180.0 1.0
229.845 155.757 686.103 82.285 90.0 -180.0 1.0
229.845 155.757 686.103 82.285 90.0 -180.0 1.0
229.845 155.757 686.103 82.285 90.0 -180.0 1.0
229.845 155.757 686.103 82.285 90.0 -180.0 1.0
289.845 155.757 596.023 82.285 90.0 -180.0 1.0
309.684 155.757 683.488 82.285 90.0 -180.0 1.0
309.684 155.757 683.488 82.285 90.0 -180.0 1.0
309.684 155.757 683.488 82.285 90.0 -180.0 1.0
309.684 155.757 683.488 82.285 90.0 -180.0 1.0
309.684 155.757 683.488 82.285 90.0 -180.0 1.0
309.684 155.757 683.488 82.285 90.0 -180.0 1.0
309.684 155.757 683.488 82.285 90.0 -180.0 1.0
309.684 155.757 683.488 82.285 90.0 -180.0 1.0
121.984 155.757 813.608 82.285 90.0 -180.0 1.0
269.737 155.757 634.045 82.285 90.0 -180.0 1.0
269.737 155.757 634.045 82.285 90.0 -180.0 1.0
269.737 155.757 634.045 82.285 90.0 -180.0 1.0
269.737 155.757 634.045 82.285 90.0 -180.0 1.0
269.737 155.757 634.045 82.285 90.0 -180.0 1.0
269.737 155.757 634.045 82.285 90.0 -180.0 1.0
269.737 155.757 634.045 82.285 90.0 -180.0 1.0
306.497 155.757 771.445 82.285 90.0 -180.0 1.0
299.892 155.757 645.506 82.285 90.0 -180.0 1.0
298.228 155.757 643.953 82.285 90.0 -180.0 1.0
295.763 155.757 641.936 82.285 90.0 -180.0 1.0
290.931 155.757 638.803 82.285 90.0 -180.0 1.0
276.293 155.757 634.242 82.285 90.0 -180.0 1.0
249.832 155.757 639.316 82.285 90.0 -180.0 1.0
230.221 155.757 660.349 82.285 90.0 -180.0 1.0
227.029 155.757 671.97 82.285 90.0 -180.0 1.0
226.804 155.757 675.438 82.285 90.0 -180.0 1.0
226.8 155.757 676.45 82.285 90.0 -180.0 1.0
226.934 155.757 679.188 82.285 90.0 -180.0 1.0
228.948 155.757 688.595 82.285 90.0 -180.0 1.0
244.813 155.757 709.563 82.285 90.0 -180.0 1.0
271.989 155.757 718.288 82.285 90.0 -180.0 1.0
289.421 155.757 714.124 82.285 90.0 -180.0 1.0
295.142 155.757 710.664 82.285 90.0 -180.0 1.0
297.86 155.757 708.51 82.285 90.0 -180.0 1.0
299.606 155.757 706.913 82.285 90.0 -180.0 1.0
301.068 155.757 705.43 82.285 90.0 -180.0 1.0
301.404 155.757 705.07 82.285 90.0 -180.0 1.0
300.854 155.757 705.645 82.285 90.0 -180.0 1.0
299.111 155.757 707.385 82.285 90.0 -180.0 1.0
297.147 155.757 709.111 82.285 90.0 -180.0 1.0
293.84 155.757 711.571 82.285 90.0 -180.0 1.0
285.844 155.757 715.654 82.285 90.0 -180.0 1.0
263.617 155.757 717.873 82.285 90.0 -180.0 1.0
237.284 155.757 702.613 82.285 90.0 -180.0 1.0
227.724 155.757 684.335 82.285 90.0 -180.0 1.0
226.847 155.757 677.908 82.285 90.0 -180.0 1.0
226.798 155.757 676.144 82.285 90.0 -180.0 1.0
226.823 155.757 674.77 82.285 90.0 -180.0 1.0
227.369 155.757 669.597 82.285 90.0 -180.0 1.0
233.969 155.757 653.738 82.285 90.0 -180.0 1.0
258.651 155.757 635.415 82.285 90.0 -180.0 1.0
282.912 155.757 635.567 82.285 90.0 -180.0 1.0
292.938 155.757 639.983 82.285 90.0 -180.0 1.0
296.691 155.757 642.658 82.285 90.0 -180.0 1.0
298.808 155.757 644.475 82.285 90.0 -180.0 1.0
300.501 155.757 646.125 82.285 90.0 -180.0 1.0
301.321 155.757 646.979 82.285 90.0 -180.0 1.0
