437.452 242.976 350.338 72.863 90.0 -180.0 1.0
419.041 242.976 354.969 72.863 90.0 -180.0 1.0
400.629 242.976 359.599 72.863 90.0 -180.0 1.0
382.218 242.976 364.23 72.863 90.0 -180.0 1.0
363.806 242.976 368.861 72.863 90.0 -180.0 1.0
345.395 242.976 373.492 72.863 90.0 -180.0 1.0
326.983 242.976 378.122 72.863 90.0 -180.0 1.0
308.572 242.976 382.753 72.863 90.0 -180.0 1.0
290.16 242.976 387.384 72.863 90.0 -180.0 1.0
271.749 242.976 392.015 72.863 90.0 -180.0 1.0
253.337 242.976 396.645 72.863 90.0 -180.0 1.0
234.926 242.976 401.276 72.863 90.0 -180.0 1.0
246.514 242.976 360.867 72.863 90.0 -180.0 1.0
264.49 242.976 364.205 72.863 90.0 -180.0 1.0
282.466 242.976 367.543 72.863 90.0 -180.0 1.0
300.442 242.976 370.881 72.863 90.0 -180.0 1.0
318.418 242.976 374.219 72.863 90.0 -180.0 1.0
336.394 242.976 377.557 72.863 90.0 -180.0 1.0
354.37 242.976 380.895 72.863 90.0 -180.0 1.0
372.346 242.976 384.233 72.863 90.0 -180.0 1.0
390.322 242.976 387.571 72.863 90.0 -180.0 1.0
408.298 242.976 390.909 72.863 90.0 -180.0 1.0
332.424 242.976 459.307 72.863 90.0 -180.0 1.0
332.424 242.976 440.629 72.863 90.0 -180.0 1.0
332.424 242.976 421.951 72.863 90.0 -180.0 1.0
332.424 242.976 403.274 72.863 90.0 -180.0 1.0
332.424 242.976 384.596 72.863 90.0 -180.0 1.0
332.424 242.976 365.918 72.863 90.0 -180.0 1.0
332.424 242.976 347.24 72.863 90.0 -180.0 1.0
332.424 242.976 328.563 72.863 90.0 -180.0 1.0
332.424 242.976 309.885 72.863 90.0 -180.0 1.0
350.804 242.976 359.907 72.863 90.0 -180.0 1.0
363.729 242.976 346.899 72.863 90.0 -180.0 1.0
376.074 242.976 333.34 72.863 90.0 -180.0 1.0
387.644 242.976 319.115 72.863 90.0 -180.0 1.0
397.978 242.976 303.976 72.863 90.0 -180.0 1.0
405.757 242.976 287.415 72.863 90.0 -180.0 1.0
406.563 242.976 269.307 72.863 90.0 -180.0 1.0
397.412 242.976 253.853 72.863 90.0 -180.0 1.0
380.808 242.976 246.442 72.863 90.0 -180.0 1.0
362.651 242.976 244.011 72.863 90.0 -180.0 1.0
344.324 242.976 243.398 72.863 90.0 -180.0 1.0
325.986 242.976 243.359 72.863 90.0 -180.0 1.0
307.652 242.976 243.726 72.863 90.0 -180.0 1.0
289.403 242.976 245.436 72.863 90.0 -180.0 1.0
271.996 242.976 250.915 72.863 90.0 -180.0 1.0
259.999 242.976 264.28 72.863 90.0 -180.0 1.0
258.043 242.976 282.308 72.863 90.0 -180.0 1.0
264.469 242.976 299.402 72.863 90.0 -180.0 1.0
274.274 242.976 314.885 72.863 90.0 -180.0 1.0
285.556 242.976 329.337 72.863 90.0 -180.0 1.0
297.704 242.976 343.073 72.863 90.0 -180.0 1.0
310.469 242.976 356.238 72.863 90.0 -180.0 1.0
323.811 242.976 368.818 72.863 90.0 -180.0 1.0
337.298 242.976 381.244 72.863 90.0 -180.0 1.0
350.854 242.976 393.596 72.863 90.0 -180.0 1.0
363.775 242.976 406.607 72.863 90.0 -180.0 1.0
376.117 242.976 420.169 72.863 90.0 -180.0 1.0
387.686 242.976 434.394 72.863 90.0 -180.0 1.0
398.019 242.976 449.534 72.863 90.0 -180.0 1.0
405.796 242.976 466.097 72.863 90.0 -180.0 1.0
406.597 242.976 484.203 72.863 90.0 -180.0 1.0
397.441 242.976 499.669 72.863 90.0 -180.0 1.0
380.829 242.976 507.054 72.863 90.0 -180.0 1.0
362.671 242.976 509.487 72.863 90.0 -180.0 1.0
344.345 242.976 510.105 72.863 90.0 -180.0 1.0
326.007 242.976 510.144 72.863 90.0 -180.0 1.0
307.673 242.976 509.775 72.863 90.0 -180.0 1.0
289.423 242.976 508.077 72.863 90.0 -180.0 1.0
272.022 242.976 502.574 72.863 90.0 -180.0 1.0
259.989 242.976 489.234 72.863 90.0 -180.0 1.0
258.069 242.976 471.194 72.863 90.0 -180.0 1.0
264.5 242.976 454.105 72.863 90.0 -180.0 1.0
274.31 242.976 438.626 72.863 90.0 -180.0 1.0
285.593 242.976 424.174 72.863 90.0 -180.0 1.0
297.743 242.976 410.44 72.863 90.0 -180.0 1.0
310.511 242.976 397.278 72.863 90.0 -180.0 1.0
323.89 242.976 384.738 72.863 90.0 -180.0 1.0
337.381 242.976 372.316 72.863 90.0 -180.0 1.0
